1 0.6846733668341709 0.8214285714285714 0.052763819095477386 0.17857142857142858
1 0.9811557788944724 0.47098214285714285 0.032663316582914576 0.12053571428571429
1 0.5113065326633166 0.5602678571428571 0.04271356783919598 0.13839285714285715
1 0.31155778894472363 0.5267857142857143 0.035175879396984924 0.11607142857142858
1 0.35050251256281406 0.46205357142857145 0.03768844221105527 0.11160714285714286
1 0.11055276381909548 0.42857142857142855 0.04020100502512563 0.13392857142857142
1 0.5188442211055276 0.38839285714285715 0.03768844221105527 0.125
1 0.6118090452261307 0.4375 0.032663316582914576 0.11607142857142858
1 0.5891959798994975 0.375 0.032663316582914576 0.11607142857142858
1 0.6432160804020101 0.35714285714285715 0.03015075376884422 0.08928571428571429
1 0.6545226130653267 0.30357142857142855 0.02763819095477387 0.0625
1 0.6871859296482412 0.41517857142857145 0.032663316582914576 0.08928571428571429
1 0.7324120603015075 0.37276785714285715 0.032663316582914576 0.12053571428571429
1 0.7135678391959799 0.3013392857142857 0.03015075376884422 0.10267857142857142
2 0.8077889447236181 0.5424107142857143 0.04773869346733668 0.13839285714285715
0 0.7085427135678392 0.3325892857142857 0.01507537688442211 0.03125