1 0.10050251256281408 0.29017857142857145 0.04020100502512563 0.10714285714285714
1 0.15326633165829145 0.1875 0.035175879396984924 0.09821428571428571
1 0.5050251256281407 0.20758928571428573 0.035175879396984924 0.11160714285714286
1 0.44472361809045224 0.36607142857142855 0.04020100502512563 0.11607142857142858
1 0.2989949748743719 0.5647321428571429 0.035175879396984924 0.13839285714285715
1 0.3379396984924623 0.5915178571428571 0.02763819095477387 0.10267857142857142
1 0.37814070351758794 0.6183035714285714 0.04773869346733668 0.12053571428571429
1 0.5791457286432161 0.6986607142857143 0.04773869346733668 0.12053571428571429
1 0.742462311557789 0.3325892857142857 0.032663316582914576 0.11160714285714286
1 0.8341708542713567 0.25669642857142855 0.035175879396984924 0.10267857142857142
1 0.9623115577889447 0.5803571428571429 0.04522613065326633 0.14285714285714285
2 0.2537688442211055 0.39285714285714285 0.03015075376884422 0.125
0 0.5728643216080402 0.6339285714285714 0.020100502512562814 0.03571428571428571