1 0.9422110552763819 0.5089285714285714 0.035175879396984924 0.14285714285714285
1 0.7412060301507538 0.17857142857142858 0.02512562814070352 0.08928571428571429
1 0.32914572864321606 0.10491071428571429 0.02512562814070352 0.09375
1 0.21482412060301506 0.18526785714285715 0.02763819095477387 0.08482142857142858
1 0.3592964824120603 0.41964285714285715 0.03015075376884422 0.10714285714285714
1 0.1771356783919598 0.7366071428571429 0.03768844221105527 0.125
1 0.135678391959799 0.49107142857142855 0.035175879396984924 0.10714285714285714
1 0.08040201005025126 0.4107142857142857 0.035175879396984924 0.10714285714285714
1 0.013819095477386936 0.36160714285714285 0.02763819095477387 0.09821428571428571
1 0.4610552763819096 0.42410714285714285 0.03768844221105527 0.08928571428571429
1 0.46984924623115576 0.3325892857142857 0.03015075376884422 0.10267857142857142
1 0.5037688442211056 0.35267857142857145 0.02763819095477387 0.08928571428571429
2 0.028894472361809045 0.484375 0.032663316582914576 0.12053571428571429
0 0.6834170854271356 0.4642857142857143 0.02512562814070352 0.03571428571428571