1 0.20603015075376885 0.18526785714285715 0.02512562814070352 0.09375
1 0.06407035175879397 0.2924107142857143 0.02763819095477387 0.10267857142857142
1 0.017587939698492462 0.38169642857142855 0.03015075376884422 0.11160714285714286
1 0.07788944723618091 0.453125 0.035175879396984924 0.11160714285714286
1 0.1620603015075377 0.75 0.04271356783919598 0.15178571428571427
1 0.2701005025125628 0.5625 0.032663316582914576 0.125
1 0.4120603015075377 0.4017857142857143 0.03015075376884422 0.11607142857142858
1 0.44974874371859297 0.45982142857142855 0.03015075376884422 0.11607142857142858
1 0.45226130653266333 0.6584821428571429 0.035175879396984924 0.12946428571428573
1 0.41331658291457285 0.9464285714285714 0.03768844221105527 0.10714285714285714
1 0.6821608040201005 0.3794642857142857 0.032663316582914576 0.10714285714285714
1 0.7123115577889447 0.5870535714285714 0.04773869346733668 0.13839285714285715
1 0.7914572864321608 0.546875 0.035175879396984924 0.12053571428571429
2 0.059045226130653265 0.6026785714285714 0.032663316582914576 0.13392857142857142
0 0.6557788944723618 0.40848214285714285 0.01507537688442211 0.03125