1 0.05150753768844221 0.5290178571428571 0.03768844221105527 0.16517857142857142
1 0.09673366834170855 0.6383928571428571 0.04271356783919598 0.16964285714285715
1 0.3203517587939699 0.359375 0.02763819095477387 0.12946428571428573
1 0.36432160804020103 0.29464285714285715 0.03015075376884422 0.125
1 0.44221105527638194 0.28794642857142855 0.03015075376884422 0.11160714285714286
1 0.49120603015075376 0.47098214285714285 0.032663316582914576 0.13839285714285715
1 0.41331658291457285 0.6607142857142857 0.04271356783919598 0.125
1 0.4585427135678392 0.5691964285714286 0.02763819095477387 0.12053571428571429
1 0.478643216080402 0.6026785714285714 0.032663316582914576 0.125
1 0.6884422110552764 0.6808035714285714 0.04020100502512563 0.15625
1 0.8128140703517588 0.5334821428571429 0.032663316582914576 0.12946428571428573
1 0.8605527638190955 0.5424107142857143 0.04773869346733668 0.11160714285714286
2 0.5804020100502513 0.6450892857142857 0.06030150753768844 0.15625
0 0.7349246231155779 0.6316964285714286 0.02763819095477387 0.04017857142857143