1 0.20728643216080403 0.375 0.03768844221105527 0.13392857142857142
1 0.16331658291457288 0.4888392857142857 0.04522613065326633 0.14732142857142858
1 0.06407035175879397 0.6830357142857143 0.04271356783919598 0.15178571428571427
1 0.38190954773869346 0.40401785714285715 0.035175879396984924 0.12946428571428573
1 0.32537688442211055 0.8236607142857143 0.04773869346733668 0.15625
1 0.4472361809045226 0.2544642857142857 0.03015075376884422 0.10714285714285714
1 0.5 0.45089285714285715 0.04522613065326633 0.125
1 0.49246231155778897 0.28125 0.03015075376884422 0.09821428571428571
1 0.535175879396985 0.2611607142857143 0.03015075376884422 0.10267857142857142
1 0.7047738693467337 0.25223214285714285 0.03768844221105527 0.09375
1 0.5804020100502513 0.4419642857142857 0.02512562814070352 0.08035714285714286
1 0.6005025125628141 0.5290178571428571 0.04522613065326633 0.12053571428571429
1 0.9673366834170855 0.84375 0.05025125628140704 0.16964285714285715
1 0.9748743718592965 0.25892857142857145 0.03015075376884422 0.11607142857142858
1 0.8957286432160804 0.27455357142857145 0.04271356783919598 0.10267857142857142
1 0.8844221105527639 0.41517857142857145 0.03015075376884422 0.125
1 0.8605527638190955 0.4375 0.02763819095477387 0.11607142857142858
2 0.7160804020100503 0.4888392857142857 0.04020100502512563 0.12946428571428573
0 0.5301507537688442 0.2857142857142857 0.01507537688442211 0.026785714285714284