1 0.15201005025125627 0.6383928571428571 0.04773869346733668 0.16071428571428573
1 0.4962311557788945 0.29017857142857145 0.03768844221105527 0.10714285714285714
1 0.5954773869346733 0.29910714285714285 0.04522613065326633 0.11607142857142858
1 0.6758793969849246 0.18973214285714285 0.04020100502512563 0.10267857142857142
1 0.678391959798995 0.4486607142857143 0.04522613065326633 0.13839285714285715
1 0.7047738693467337 0.6808035714285714 0.04271356783919598 0.15625
1 0.7663316582914573 0.6875 0.035175879396984924 0.17857142857142858
1 0.38316582914572866 0.6540178571428571 0.03768844221105527 0.12946428571428573
1 0.41457286432160806 0.6428571428571429 0.03015075376884422 0.13392857142857142
2 0.9484924623115578 0.5602678571428571 0.04773869346733668 0.15625
0 0.43467336683417085 0.6607142857142857 0.020100502512562814 0.03571428571428571