1 0.0829145728643216 0.6808035714285714 0.04020100502512563 0.16517857142857142
1 0.34296482412060303 0.36607142857142855 0.03768844221105527 0.13392857142857142
1 0.4334170854271357 0.30580357142857145 0.032663316582914576 0.12053571428571429
1 0.45603015075376885 0.34151785714285715 0.022613065326633167 0.12053571428571429
1 0.5150753768844221 0.4888392857142857 0.035175879396984924 0.13839285714285715
1 0.4321608040201005 0.6026785714285714 0.035175879396984924 0.125
1 0.4020100502512563 0.6808035714285714 0.05527638190954774 0.08482142857142858
1 0.5163316582914573 0.65625 0.052763819095477386 0.14285714285714285
1 0.7085427135678392 0.71875 0.04522613065326633 0.16964285714285715
1 0.9623115577889447 0.578125 0.035175879396984924 0.13839285714285715
1 0.9899497487437185 0.53125 0.020100502512562814 0.11607142857142858
2 0.7613065326633166 0.640625 0.05527638190954774 0.13839285714285715
0 0.45979899497487436 0.6584821428571429 0.020100502512562814 0.03125