1 0.02386934673366834 0.359375 0.032663316582914576 0.14732142857142858
1 0.3128140703517588 0.6294642857142857 0.04773869346733668 0.14285714285714285
1 0.35678391959798994 0.7209821428571429 0.04522613065326633 0.15625
1 0.7902010050251256 0.4419642857142857 0.03768844221105527 0.11607142857142858
1 0.4020100502512563 0.359375 0.04020100502512563 0.13839285714285715
1 0.33668341708542715 0.109375 0.035175879396984924 0.11160714285714286
1 0.6243718592964824 0.16741071428571427 0.02763819095477387 0.12053571428571429
1 0.907035175879397 0.20758928571428573 0.04020100502512563 0.11160714285714286
1 0.9899497487437185 0.5022321428571429 0.020100502512562814 0.16517857142857142
2 0.8366834170854272 0.2767857142857143 0.035175879396984924 0.125
0 0.3630653266331658 0.3861607142857143 0.02763819095477387 0.04017857142857143