1 0.2701005025125628 0.38392857142857145 0.03768844221105527 0.13392857142857142
1 0.3592964824120603 0.09375 0.04020100502512563 0.125
1 0.571608040201005 0.17857142857142858 0.03768844221105527 0.125
1 0.664572864321608 0.4799107142857143 0.04773869346733668 0.15625
1 0.7952261306532663 0.5245535714285714 0.04773869346733668 0.14732142857142858
1 0.8831658291457286 0.22544642857142858 0.03768844221105527 0.13839285714285715
1 0.9912060301507538 0.22767857142857142 0.017587939698492462 0.13392857142857142
1 0.7776381909547738 0.2857142857142857 0.04271356783919598 0.15178571428571427
1 0.36055276381909546 0.6696428571428571 0.06281407035175879 0.125
1 0.3103015075376884 0.671875 0.04773869346733668 0.14732142857142858
0 0.25 0.6361607142857143 0.022613065326633167 0.04017857142857143