1 0.27638190954773867 0.4642857142857143 0.03015075376884422 0.09821428571428571
1 0.017587939698492462 0.3950892857142857 0.035175879396984924 0.09375
1 0.052763819095477386 0.28125 0.02512562814070352 0.08928571428571429
1 0.23366834170854273 0.39285714285714285 0.02512562814070352 0.08928571428571429
1 0.3555276381909548 0.6919642857142857 0.02763819095477387 0.13392857142857142
1 0.7311557788944724 0.7901785714285714 0.035175879396984924 0.125
1 0.5464824120603015 0.4799107142857143 0.03768844221105527 0.11160714285714286
1 0.32663316582914576 0.6607142857142857 0.035175879396984924 0.10714285714285714
1 0.42336683417085424 0.39732142857142855 0.02763819095477387 0.10714285714285714
1 0.3316582914572864 0.19866071428571427 0.03015075376884422 0.07589285714285714
1 0.3743718592964824 0.22991071428571427 0.03015075376884422 0.07589285714285714
1 0.5113065326633166 0.3325892857142857 0.02763819095477387 0.08482142857142858
1 0.6884422110552764 0.17857142857142858 0.02512562814070352 0.07142857142857142
1 0.7889447236180904 0.3638392857142857 0.02512562814070352 0.10267857142857142
1 0.7776381909547738 0.47098214285714285 0.022613065326633167 0.11160714285714286
1 0.9660804020100503 0.24776785714285715 0.022613065326633167 0.10267857142857142
1 0.24748743718592964 0.4107142857142857 0.02763819095477387 0.08035714285714286
2 0.3806532663316583 0.49107142857142855 0.02763819095477387 0.10714285714285714
0 0.5904522613065326 0.421875 0.020100502512562814 0.03125