1 0.08040201005025126 0.359375 0.04020100502512563 0.09375
1 0.12060301507537688 0.4575892857142857 0.035175879396984924 0.11160714285714286
1 0.19095477386934673 0.5178571428571429 0.04020100502512563 0.11607142857142858
1 0.1708542713567839 0.36160714285714285 0.04020100502512563 0.10714285714285714
1 0.23618090452261306 0.39732142857142855 0.035175879396984924 0.09821428571428571
1 0.3454773869346734 0.38392857142857145 0.032663316582914576 0.13392857142857142
1 0.435929648241206 0.421875 0.03768844221105527 0.12946428571428573
1 0.5125628140703518 0.30580357142857145 0.035175879396984924 0.10267857142857142
1 0.5087939698492462 0.6160714285714286 0.04773869346733668 0.14285714285714285
1 0.38190954773869346 0.36160714285714285 0.02512562814070352 0.07142857142857142
1 0.7726130653266332 0.35044642857142855 0.03768844221105527 0.10267857142857142
1 0.7788944723618091 0.4732142857142857 0.04522613065326633 0.125
1 0.7324120603015075 0.41294642857142855 0.03768844221105527 0.12053571428571429
1 0.7010050251256281 0.41294642857142855 0.04020100502512563 0.13839285714285715
1 0.6608040201005025 0.7008928571428571 0.05025125628140704 0.16964285714285715
2 0.3542713567839196 0.5022321428571429 0.04020100502512563 0.13839285714285715
0 0.30904522613065327 0.16964285714285715 0.01507537688442211 0.026785714285714284