1 0.05150753768844221 0.6897321428571429 0.032663316582914576 0.14732142857142858
1 0.3165829145728643 0.8482142857142857 0.05025125628140704 0.15178571428571427
1 0.17336683417085427 0.49330357142857145 0.05025125628140704 0.13839285714285715
1 0.23743718592964824 0.37276785714285715 0.032663316582914576 0.12053571428571429
1 0.43467336683417085 0.39732142857142855 0.03015075376884422 0.125
1 0.4685929648241206 0.26339285714285715 0.02763819095477387 0.09821428571428571
1 0.4962311557788945 0.29464285714285715 0.032663316582914576 0.09821428571428571
1 0.5527638190954773 0.24776785714285715 0.03015075376884422 0.07589285714285714
1 0.49120603015075376 0.46205357142857145 0.032663316582914576 0.12946428571428573
1 0.5741206030150754 0.5513392857142857 0.04271356783919598 0.12946428571428573
1 0.5615577889447236 0.45982142857142855 0.02763819095477387 0.08035714285714286
1 0.7261306532663316 0.27901785714285715 0.02512562814070352 0.09375
1 0.8266331658291457 0.4419642857142857 0.04522613065326633 0.125
1 0.8743718592964824 0.27901785714285715 0.035175879396984924 0.09375
1 0.9811557788944724 0.26785714285714285 0.032663316582914576 0.11607142857142858
1 0.9170854271356784 0.43080357142857145 0.035175879396984924 0.12946428571428573
1 0.9585427135678392 0.8794642857142857 0.04773869346733668 0.17857142857142858
0 0.542713567839196 0.2857142857142857 0.01507537688442211 0.026785714285714284