1 0.04648241206030151 0.45089285714285715 0.032663316582914576 0.14285714285714285
1 0.23743718592964824 0.37276785714285715 0.032663316582914576 0.12053571428571429
1 0.27386934673366836 0.515625 0.035175879396984924 0.14732142857142858
1 0.26884422110552764 0.6607142857142857 0.035175879396984924 0.14285714285714285
1 0.3957286432160804 0.7901785714285714 0.032663316582914576 0.15178571428571427
1 0.46733668341708545 0.5848214285714286 0.04522613065326633 0.14285714285714285
1 0.5527638190954773 0.38839285714285715 0.03015075376884422 0.125
1 0.6871859296482412 0.31026785714285715 0.032663316582914576 0.10267857142857142
1 0.9170854271356784 0.390625 0.035175879396984924 0.14732142857142858
1 0.9158291457286433 0.7946428571428571 0.04271356783919598 0.16071428571428573
1 0.5979899497487438 0.6629464285714286 0.035175879396984924 0.14732142857142858
1 0.6080402010050251 0.4575892857142857 0.04020100502512563 0.12946428571428573
1 0.6394472361809045 0.4575892857142857 0.032663316582914576 0.11160714285714286
2 0.1670854271356784 0.5580357142857143 0.032663316582914576 0.14285714285714285
0 0.6193467336683417 0.34598214285714285 0.017587939698492462 0.022321428571428572