1 0.0829145728643216 0.37723214285714285 0.04522613065326633 0.10267857142857142
1 0.4798994974874372 0.49330357142857145 0.03015075376884422 0.10267857142857142
1 0.49246231155778897 0.5892857142857143 0.020100502512562814 0.11607142857142858
1 0.5100502512562815 0.5848214285714286 0.020100502512562814 0.11607142857142858
1 0.6243718592964824 0.4575892857142857 0.022613065326633167 0.11160714285714286
1 0.7788944723618091 0.2924107142857143 0.03015075376884422 0.10267857142857142
1 0.7223618090452262 0.5267857142857143 0.02763819095477387 0.125
1 0.9032663316582915 0.7142857142857143 0.032663316582914576 0.15178571428571427
1 0.8982412060301508 0.453125 0.02763819095477387 0.11160714285714286
1 0.678391959798995 0.33035714285714285 0.03015075376884422 0.09821428571428571
1 0.635678391959799 0.36607142857142855 0.02512562814070352 0.09821428571428571
1 0.6105527638190955 0.3861607142857143 0.03015075376884422 0.10267857142857142
1 0.5791457286432161 0.37723214285714285 0.02763819095477387 0.10267857142857142
1 0.5653266331658291 0.40625 0.02512562814070352 0.10714285714285714
1 0.5414572864321608 0.4263392857142857 0.02763819095477387 0.09375
1 0.5188442211055276 0.4486607142857143 0.032663316582914576 0.10267857142857142
1 0.7286432160804021 0.8035714285714286 0.04020100502512563 0.15178571428571427
2 0.6846733668341709 0.59375 0.032663316582914576 0.13392857142857142
0 0.7449748743718593 0.7790178571428571 0.022613065326633167 0.03125