1 0.2650753768844221 0.6049107142857143 0.04271356783919598 0.15625
1 0.04271356783919598 0.546875 0.05025125628140704 0.15625
1 0.5339195979899497 0.22991071428571427 0.03768844221105527 0.12946428571428573
1 0.38944723618090454 0.6540178571428571 0.04522613065326633 0.14732142857142858
1 0.6381909547738693 0.24330357142857142 0.035175879396984924 0.12946428571428573
1 0.7173366834170855 0.11383928571428571 0.032663316582914576 0.12946428571428573
1 0.7474874371859297 0.38392857142857145 0.04271356783919598 0.13392857142857142
1 0.7663316582914573 0.625 0.035175879396984924 0.16071428571428573
1 0.7989949748743719 0.6495535714285714 0.04522613065326633 0.14732142857142858
1 0.44095477386934673 0.65625 0.04773869346733668 0.13392857142857142
2 0.9899497487437185 0.4888392857142857 0.020100502512562814 0.15625