1 0.6834170854271356 0.9285714285714286 0.05025125628140704 0.14285714285714285
1 0.3969849246231156 0.6875 0.05025125628140704 0.15178571428571427
1 0.09547738693467336 0.7209821428571429 0.05025125628140704 0.13839285714285715
1 0.02512562814070352 0.47767857142857145 0.035175879396984924 0.14285714285714285
1 0.0414572864321608 0.3638392857142857 0.03768844221105527 0.12053571428571429
1 0.13693467336683418 0.39285714285714285 0.04271356783919598 0.125
1 0.16959798994974876 0.265625 0.02763819095477387 0.12053571428571429
1 0.19095477386934673 0.29910714285714285 0.03015075376884422 0.13392857142857142
1 0.38316582914572866 0.33705357142857145 0.032663316582914576 0.12053571428571429
1 0.4434673366834171 0.43526785714285715 0.03768844221105527 0.12946428571428573
1 0.5389447236180904 0.34375 0.032663316582914576 0.11607142857142858
1 0.6658291457286433 0.31919642857142855 0.03015075376884422 0.11160714285714286
1 0.7135678391959799 0.30580357142857145 0.03015075376884422 0.10267857142857142
1 0.9271356783919598 0.33482142857142855 0.035175879396984924 0.11607142857142858
1 0.6922110552763819 0.21875 0.032663316582914576 0.08928571428571429
1 0.6545226130653267 0.24330357142857142 0.02763819095477387 0.07589285714285714
1 0.5791457286432161 0.29017857142857145 0.032663316582914576 0.11607142857142858
2 0.7110552763819096 0.41964285714285715 0.04020100502512563 0.13392857142857142
0 0.5804020100502513 0.328125 0.01507537688442211 0.03125