1 0.7814070351758794 0.5848214285714286 0.035175879396984924 0.13392857142857142
1 0.7261306532663316 0.5870535714285714 0.035175879396984924 0.12946428571428573
1 0.45226130653266333 0.9464285714285714 0.04020100502512563 0.10714285714285714
1 0.39824120603015073 0.7075892857142857 0.03768844221105527 0.12946428571428573
1 0.1658291457286432 0.7700892857142857 0.04020100502512563 0.15625
1 0.15954773869346733 0.6138392857142857 0.04271356783919598 0.12053571428571429
1 0.39949748743718594 0.48214285714285715 0.035175879396984924 0.125
1 0.39824120603015073 0.37276785714285715 0.032663316582914576 0.09375
1 0.10552763819095477 0.18303571428571427 0.03015075376884422 0.08035714285714286
1 0.6683417085427136 0.36830357142857145 0.04020100502512563 0.12053571428571429
0 0.6532663316582915 0.41294642857142855 0.01507537688442211 0.022321428571428572