1 0.02135678391959799 0.32142857142857145 0.032663316582914576 0.10714285714285714
1 0.17587939698492464 0.27232142857142855 0.03015075376884422 0.10714285714285714
1 0.011306532663316583 0.14732142857142858 0.022613065326633167 0.09821428571428571
1 0.0414572864321608 0.109375 0.02763819095477387 0.09375
1 0.24623115577889448 0.16741071428571427 0.03015075376884422 0.09375
1 0.30527638190954776 0.10491071428571429 0.02763819095477387 0.09375
1 0.5201005025125628 0.35267857142857145 0.035175879396984924 0.11607142857142858
1 0.5728643216080402 0.19866071428571427 0.03015075376884422 0.10267857142857142
1 0.31532663316582915 0.5535714285714286 0.03768844221105527 0.125
1 0.36683417085427134 0.5691964285714286 0.04020100502512563 0.07589285714285714
1 0.4547738693467337 0.6272321428571429 0.035175879396984924 0.12946428571428573
1 0.6042713567839196 0.6763392857142857 0.04271356783919598 0.13839285714285715
1 0.8203517587939698 0.29464285714285715 0.03768844221105527 0.10714285714285714
1 0.9120603015075377 0.25 0.035175879396984924 0.11607142857142858
2 0.3479899497487437 0.36830357142857145 0.032663316582914576 0.11160714285714286
0 0.4396984924623116 0.5647321428571429 0.020100502512562814 0.03125