1 0.30778894472361806 0.7276785714285714 0.052763819095477386 0.125
1 0.31909547738693467 0.5669642857142857 0.05025125628140704 0.11607142857142858
1 0.2889447236180904 0.9464285714285714 0.04522613065326633 0.10714285714285714
1 0.46608040201005024 0.5044642857142857 0.032663316582914576 0.10714285714285714
1 0.44095477386934673 0.39732142857142855 0.04773869346733668 0.09821428571428571
1 0.5087939698492462 0.31026785714285715 0.032663316582914576 0.10267857142857142
1 0.6130653266331658 0.17857142857142858 0.035175879396984924 0.08928571428571429
1 0.5628140703517588 0.43973214285714285 0.03015075376884422 0.09375
1 0.7336683417085427 0.4799107142857143 0.04020100502512563 0.10267857142857142
1 0.8379396984924623 0.5982142857142857 0.04271356783919598 0.10714285714285714
1 0.9321608040201005 0.8839285714285714 0.05527638190954774 0.16071428571428573
1 0.8819095477386935 0.453125 0.035175879396984924 0.10267857142857142
1 0.9158291457286433 0.2700892857142857 0.02763819095477387 0.08482142857142858
2 0.6758793969849246 0.5223214285714286 0.04020100502512563 0.11607142857142858