1 0.15577889447236182 0.49330357142857145 0.04020100502512563 0.13839285714285715
1 0.07788944723618091 0.6986607142857143 0.04020100502512563 0.14732142857142858
1 0.3278894472361809 0.8214285714285714 0.03768844221105527 0.15178571428571427
1 0.19974874371859297 0.37723214285714285 0.032663316582914576 0.12946428571428573
1 0.35678391959798994 0.4107142857142857 0.035175879396984924 0.125
1 0.435929648241206 0.27455357142857145 0.02763819095477387 0.11160714285714286
1 0.5125628140703518 0.45089285714285715 0.035175879396984924 0.11607142857142858
1 0.6180904522613065 0.5267857142857143 0.035175879396984924 0.125
1 0.5992462311557789 0.45089285714285715 0.02763819095477387 0.09821428571428571
1 0.5012562814070352 0.29910714285714285 0.032663316582914576 0.09821428571428571
1 0.6721105527638191 0.2544642857142857 0.032663316582914576 0.10714285714285714
1 0.9032663316582915 0.27901785714285715 0.032663316582914576 0.09375
1 0.9798994974874372 0.26785714285714285 0.03015075376884422 0.11607142857142858
1 0.9057788944723618 0.4330357142857143 0.03768844221105527 0.10714285714285714
1 0.8467336683417085 0.4174107142857143 0.035175879396984924 0.12946428571428573
1 0.9736180904522613 0.8191964285714286 0.052763819095477386 0.16517857142857142
1 0.542713567839196 0.265625 0.02512562814070352 0.10267857142857142
2 0.7336683417085427 0.49107142857142855 0.04522613065326633 0.13392857142857142
0 0.5301507537688442 0.3013392857142857 0.01507537688442211 0.022321428571428572