1 0.1721105527638191 0.3013392857142857 0.03768844221105527 0.12946428571428573
1 0.018844221105527637 0.8058035714285714 0.03768844221105527 0.16517857142857142
1 0.7374371859296482 0.6450892857142857 0.052763819095477386 0.15625
1 0.871859296482412 0.45089285714285715 0.04522613065326633 0.14285714285714285
1 0.8479899497487438 0.3861607142857143 0.02763819095477387 0.11160714285714286
1 0.8304020100502513 0.35714285714285715 0.022613065326633167 0.10714285714285714
1 0.8366834170854272 0.28125 0.02512562814070352 0.08928571428571429
1 0.6708542713567839 0.23883928571428573 0.03015075376884422 0.11160714285714286
1 0.628140703517588 0.328125 0.035175879396984924 0.12946428571428573
1 0.5590452261306532 0.5200892857142857 0.032663316582914576 0.12946428571428573
1 0.5515075376884422 0.3950892857142857 0.03768844221105527 0.11160714285714286
1 0.5025125628140703 0.3392857142857143 0.04020100502512563 0.10714285714285714
1 0.3492462311557789 0.3861607142857143 0.02512562814070352 0.10267857142857142
1 0.32537688442211055 0.390625 0.02763819095477387 0.10267857142857142
1 0.29020100502512564 0.40625 0.032663316582914576 0.125
1 0.2537688442211055 0.32589285714285715 0.035175879396984924 0.11607142857142858
2 0.5238693467336684 0.4486607142857143 0.03768844221105527 0.13839285714285715
0 0.32537688442211055 0.27901785714285715 0.022613065326633167 0.04017857142857143