1 0.6256281407035176 0.7142857142857143 0.04522613065326633 0.15178571428571427
1 0.40703517587939697 0.6897321428571429 0.05025125628140704 0.14732142857142858
1 0.13693467336683418 0.5714285714285714 0.032663316582914576 0.13392857142857142
1 0.07160804020100503 0.3950892857142857 0.032663316582914576 0.12053571428571429
1 0.1708542713567839 0.4419642857142857 0.04522613065326633 0.11607142857142858
1 0.24748743718592964 0.45089285714285715 0.032663316582914576 0.10714285714285714
1 0.3341708542713568 0.38839285714285715 0.03015075376884422 0.10714285714285714
1 0.3756281407035176 0.453125 0.03768844221105527 0.11160714285714286
1 0.4723618090452261 0.37723214285714285 0.03015075376884422 0.12053571428571429
1 0.6017587939698492 0.44419642857142855 0.02763819095477387 0.13839285714285715
1 0.6331658291457286 0.4419642857142857 0.035175879396984924 0.125
1 0.7349246231155779 0.4107142857142857 0.03768844221105527 0.10714285714285714
1 0.7135678391959799 0.49776785714285715 0.035175879396984924 0.13839285714285715
2 0.23618090452261306 0.5558035714285714 0.035175879396984924 0.13839285714285715