1 0.6934673366834171 0.7209821428571429 0.05527638190954774 0.15625
1 0.785175879396985 0.5089285714285714 0.032663316582914576 0.125
1 0.7512562814070352 0.39955357142857145 0.04522613065326633 0.11160714285714286
1 0.6796482412060302 0.42857142857142855 0.032663316582914576 0.10714285714285714
1 0.6608040201005025 0.3950892857142857 0.03015075376884422 0.11160714285714286
1 0.5866834170854272 0.46205357142857145 0.03768844221105527 0.12053571428571429
1 0.4271356783919598 0.48214285714285715 0.035175879396984924 0.14285714285714285
1 0.3417085427135678 0.49107142857142855 0.035175879396984924 0.125
1 0.3806532663316583 0.7366071428571429 0.04773869346733668 0.15178571428571427
1 0.17336683417085427 0.5758928571428571 0.04020100502512563 0.125
1 0.06658291457286432 0.5111607142857143 0.03768844221105527 0.13839285714285715
1 0.15954773869346733 0.4575892857142857 0.03768844221105527 0.11160714285714286
1 0.14698492462311558 0.40848214285714285 0.02763819095477387 0.11160714285714286
1 0.38819095477386933 0.40625 0.03768844221105527 0.10714285714285714
2 0.26884422110552764 0.5647321428571429 0.04522613065326633 0.12946428571428573
0 0.6457286432160804 0.3125 0.020100502512562814 0.03571428571428571