1 0.6055276381909548 0.71875 0.06030150753768844 0.15178571428571427
1 0.6871859296482412 0.5111607142857143 0.04773869346733668 0.13839285714285715
1 0.6909547738693468 0.41294642857142855 0.05025125628140704 0.10267857142857142
1 0.5603015075376885 0.43526785714285715 0.04020100502512563 0.12946428571428573
1 0.4648241206030151 0.421875 0.035175879396984924 0.12946428571428573
1 0.3530150753768844 0.47767857142857145 0.04271356783919598 0.11607142857142858
1 0.32914572864321606 0.7209821428571429 0.05025125628140704 0.15625
1 0.08919597989949749 0.578125 0.03768844221105527 0.14732142857142858
1 0.038944723618090454 0.41294642857142855 0.03768844221105527 0.12053571428571429
1 0.10301507537688442 0.47098214285714285 0.04020100502512563 0.10267857142857142
1 0.23115577889447236 0.49107142857142855 0.035175879396984924 0.13392857142857142
1 0.31532663316582915 0.4017857142857143 0.032663316582914576 0.10714285714285714
2 0.18090452261306533 0.5625 0.04522613065326633 0.13392857142857142
0 0.4849246231155779 0.24330357142857142 0.02512562814070352 0.04017857142857143