1 0.38819095477386933 0.45089285714285715 0.03768844221105527 0.125
1 0.3228643216080402 0.7075892857142857 0.03768844221105527 0.15625
1 0.271356783919598 0.8973214285714286 0.04522613065326633 0.15178571428571427
1 0.507537688442211 0.9040178571428571 0.04522613065326633 0.14732142857142858
1 0.75 0.7209821428571429 0.04271356783919598 0.14732142857142858
1 0.5590452261306532 0.6183035714285714 0.03768844221105527 0.12946428571428573
1 0.5138190954773869 0.48214285714285715 0.03768844221105527 0.10714285714285714
1 0.45979899497487436 0.35044642857142855 0.035175879396984924 0.10267857142857142
1 0.6344221105527639 0.36607142857142855 0.04271356783919598 0.10714285714285714
1 0.635678391959799 0.48214285714285715 0.04020100502512563 0.125
1 0.7625628140703518 0.41517857142857145 0.03768844221105527 0.08928571428571429
1 0.885678391959799 0.5 0.04271356783919598 0.13392857142857142
1 0.9874371859296482 0.40625 0.02512562814070352 0.09821428571428571
1 0.9560301507537688 0.2924107142857143 0.032663316582914576 0.07589285714285714
2 0.785175879396985 0.4732142857142857 0.03768844221105527 0.11607142857142858