1 0.20100502512562815 0.32142857142857145 0.03015075376884422 0.11607142857142858
1 0.1670854271356784 0.5424107142857143 0.03768844221105527 0.12946428571428573
1 0.27638190954773867 0.6651785714285714 0.04020100502512563 0.15178571428571427
1 0.37185929648241206 0.734375 0.04020100502512563 0.12946428571428573
1 0.41457286432160806 0.5736607142857143 0.035175879396984924 0.13839285714285715
1 0.48743718592964824 0.37276785714285715 0.035175879396984924 0.12053571428571429
1 0.6243718592964824 0.3236607142857143 0.03768844221105527 0.12053571428571429
1 0.785175879396985 0.36830357142857145 0.03768844221105527 0.12053571428571429
1 0.7688442211055276 0.49776785714285715 0.04020100502512563 0.12053571428571429
1 0.6092964824120602 0.515625 0.032663316582914576 0.12946428571428573
1 0.6130653266331658 0.6897321428571429 0.04522613065326633 0.14732142857142858
1 0.8492462311557789 0.7142857142857143 0.04522613065326633 0.14285714285714285
2 0.06909547738693467 0.5200892857142857 0.03768844221105527 0.13839285714285715
0 0.6055276381909548 0.40625 0.020100502512562814 0.03571428571428571