1 0.47738693467336685 0.65625 0.035175879396984924 0.11607142857142858
1 0.4962311557788945 0.5870535714285714 0.03768844221105527 0.11160714285714286
1 0.2889447236180904 0.48660714285714285 0.035175879396984924 0.125
1 0.1884422110552764 0.4486607142857143 0.035175879396984924 0.11160714285714286
1 0.1658291457286432 0.24553571428571427 0.02512562814070352 0.09821428571428571
1 0.5226130653266332 0.31473214285714285 0.035175879396984924 0.10267857142857142
1 0.5527638190954773 0.203125 0.03015075376884422 0.09375
1 0.8379396984924623 0.24776785714285715 0.032663316582914576 0.09375
1 0.9359296482412061 0.23660714285714285 0.032663316582914576 0.10714285714285714
1 0.24874371859296482 0.16071428571428573 0.03015075376884422 0.08928571428571429
1 0.06407035175879397 0.12946428571428573 0.022613065326633167 0.08035714285714286
1 0.08668341708542714 0.10491071428571429 0.022613065326633167 0.09375
1 0.28015075376884424 0.11160714285714286 0.022613065326633167 0.07142857142857142
2 0.34296482412060303 0.32142857142857145 0.02763819095477387 0.08928571428571429
0 0.4108040201005025 0.39732142857142855 0.022613065326633167 0.03571428571428571