1 0.07412060301507538 0.6696428571428571 0.04773869346733668 0.1875
1 0.38944723618090454 0.359375 0.035175879396984924 0.11160714285714286
1 0.4861809045226131 0.33482142857142855 0.032663316582914576 0.11607142857142858
1 0.5201005025125628 0.28794642857142855 0.035175879396984924 0.12053571428571429
1 0.5515075376884422 0.5022321428571429 0.03768844221105527 0.14732142857142858
1 0.39824120603015073 0.6138392857142857 0.03768844221105527 0.10267857142857142
1 0.40703517587939697 0.6919642857142857 0.05025125628140704 0.0625
1 0.5665829145728644 0.6852678571428571 0.06281407035175879 0.14732142857142858
1 0.7273869346733668 0.7321428571428571 0.04271356783919598 0.16964285714285715
2 0.8316582914572864 0.6339285714285714 0.04522613065326633 0.14285714285714285
0 0.4535175879396985 0.6741071428571429 0.022613065326633167 0.03571428571428571