1 0.864321608040201 0.59375 0.04020100502512563 0.15178571428571427
1 0.6658291457286433 0.375 0.04020100502512563 0.10714285714285714
1 0.7600502512562815 0.27232142857142855 0.04271356783919598 0.11607142857142858
1 0.4271356783919598 0.23214285714285715 0.03015075376884422 0.10714285714285714
1 0.36809045226130654 0.39732142857142855 0.04271356783919598 0.125
1 0.3165829145728643 0.640625 0.03015075376884422 0.12946428571428573
1 0.2876884422110553 0.6428571428571429 0.032663316582914576 0.125
1 0.2600502512562814 0.5870535714285714 0.03768844221105527 0.13839285714285715
1 0.026381909547738693 0.32142857142857145 0.02763819095477387 0.09821428571428571
1 0.05025125628140704 0.21428571428571427 0.04020100502512563 0.09821428571428571
1 0.5590452261306532 0.7142857142857143 0.04773869346733668 0.125
2 0.1407035175879397 0.4419642857142857 0.04020100502512563 0.125
0 0.6369346733668342 0.6473214285714286 0.022613065326633167 0.044642857142857144