1 0.42839195979899497 0.6830357142857143 0.04773869346733668 0.15178571428571427
1 0.27889447236180903 0.609375 0.04522613065326633 0.14732142857142858
1 0.33542713567839194 0.3325892857142857 0.04773869346733668 0.12946428571428573
1 0.7022613065326633 0.39955357142857145 0.04271356783919598 0.12946428571428573
1 0.23869346733668342 0.2611607142857143 0.035175879396984924 0.12053571428571429
1 0.2185929648241206 0.17857142857142858 0.03015075376884422 0.10714285714285714
1 0.15201005025125627 0.21428571428571427 0.02763819095477387 0.09821428571428571
1 0.12185929648241206 0.34375 0.03768844221105527 0.125
1 0.022613065326633167 0.328125 0.03015075376884422 0.10267857142857142
2 0.008793969849246231 0.40625 0.017587939698492462 0.11607142857142858
0 0.7738693467336684 0.46205357142857145 0.02512562814070352 0.04017857142857143