1 0.048994974874371856 0.5022321428571429 0.05778894472361809 0.14732142857142858
1 0.32663316582914576 0.5446428571428571 0.07035175879396985 0.14285714285714285
1 0.36683417085427134 0.6741071428571429 0.05527638190954774 0.16071428571428573
1 0.41457286432160806 0.6919642857142857 0.05527638190954774 0.14285714285714285
1 0.4836683417085427 0.17857142857142858 0.04271356783919598 0.125
1 0.5942211055276382 0.20089285714285715 0.04271356783919598 0.125
1 0.6834170854271356 0.05803571428571429 0.04020100502512563 0.11607142857142858
1 0.7298994974874372 0.31473214285714285 0.03768844221105527 0.13839285714285715
1 0.757537688442211 0.5870535714285714 0.04271356783919598 0.18303571428571427
1 0.8040201005025126 0.6160714285714286 0.04522613065326633 0.16964285714285715
2 0.9711055276381909 0.43080357142857145 0.04271356783919598 0.14732142857142858