1 0.08417085427135679 0.6741071428571429 0.06281407035175879 0.16071428571428573
1 0.36180904522613067 0.6428571428571429 0.04522613065326633 0.125
1 0.435929648241206 0.3392857142857143 0.03768844221105527 0.11607142857142858
1 0.5301507537688442 0.33705357142857145 0.04020100502512563 0.12053571428571429
1 0.6055276381909548 0.25223214285714285 0.04522613065326633 0.10267857142857142
1 0.5992462311557789 0.484375 0.03768844221105527 0.12053571428571429
1 0.40326633165829145 0.640625 0.04773869346733668 0.12053571428571429
1 0.6306532663316583 0.6919642857142857 0.04522613065326633 0.15178571428571427
1 0.7374371859296482 0.7142857142857143 0.04271356783919598 0.16071428571428573
2 0.8919597989949749 0.6071428571428571 0.05025125628140704 0.15178571428571427
0 0.4371859296482412 0.6674107142857143 0.020100502512562814 0.03125