1 0.9510050251256281 0.9040178571428571 0.052763819095477386 0.18303571428571427
1 0.9472361809045227 0.44642857142857145 0.04020100502512563 0.13392857142857142
1 0.9836683417085427 0.26339285714285715 0.02763819095477387 0.09821428571428571
1 0.8479899497487438 0.29910714285714285 0.02763819095477387 0.10714285714285714
1 0.7864321608040201 0.45089285714285715 0.04020100502512563 0.125
1 0.2964824120603015 0.8638392857142857 0.04020100502512563 0.15625
1 0.035175879396984924 0.6875 0.05025125628140704 0.15178571428571427
1 0.17462311557788945 0.49776785714285715 0.04773869346733668 0.13839285714285715
1 0.2701005025125628 0.37276785714285715 0.03768844221105527 0.12946428571428573
1 0.4635678391959799 0.38169642857142855 0.02763819095477387 0.12053571428571429
1 0.4899497487437186 0.46205357142857145 0.03015075376884422 0.13839285714285715
1 0.5477386934673367 0.5558035714285714 0.035175879396984924 0.11160714285714286
1 0.535175879396985 0.4732142857142857 0.02512562814070352 0.08928571428571429
1 0.5100502512562815 0.3080357142857143 0.03015075376884422 0.08035714285714286
1 0.49748743718592964 0.26785714285714285 0.02512562814070352 0.07142857142857142
1 0.5766331658291457 0.26785714285714285 0.02763819095477387 0.08928571428571429
1 0.7273869346733668 0.29910714285714285 0.03768844221105527 0.10714285714285714
2 0.6934673366834171 0.5133928571428571 0.04522613065326633 0.125
0 0.5804020100502513 0.29910714285714285 0.01507537688442211 0.026785714285714284