1 0.08668341708542714 0.5044642857142857 0.04271356783919598 0.13392857142857142
1 0.27261306532663315 0.22098214285714285 0.032663316582914576 0.11160714285714286
1 0.4434673366834171 0.30580357142857145 0.03768844221105527 0.12946428571428573
1 0.2550251256281407 0.6160714285714286 0.04773869346733668 0.125
1 0.2600502512562814 0.7209821428571429 0.052763819095477386 0.12053571428571429
1 0.36055276381909546 0.5223214285714286 0.04773869346733668 0.125
1 0.5087939698492462 0.28794642857142855 0.04271356783919598 0.11160714285714286
1 0.6469849246231156 0.34151785714285715 0.02763819095477387 0.11160714285714286
1 0.7512562814070352 0.515625 0.05025125628140704 0.12946428571428573
1 0.7437185929648241 0.6674107142857143 0.04522613065326633 0.14732142857142858
1 0.8932160804020101 0.6875 0.06281407035175879 0.13392857142857142
1 0.9020100502512562 0.5535714285714286 0.05025125628140704 0.125
0 0.40326633165829145 0.09821428571428571 0.022613065326633167 0.03571428571428571