1 0.7047738693467337 0.671875 0.03768844221105527 0.14732142857142858
1 0.8103015075376885 0.45982142857142855 0.03768844221105527 0.14285714285714285
1 0.7449748743718593 0.28125 0.032663316582914576 0.10714285714285714
1 0.614321608040201 0.24553571428571427 0.032663316582914576 0.09821428571428571
1 0.6545226130653267 0.3549107142857143 0.032663316582914576 0.12946428571428573
1 0.017587939698492462 0.8013392857142857 0.035175879396984924 0.16517857142857142
1 0.07412060301507538 0.4575892857142857 0.03768844221105527 0.12053571428571429
1 0.13442211055276382 0.32142857142857145 0.04773869346733668 0.09821428571428571
1 0.2449748743718593 0.33035714285714285 0.032663316582914576 0.10714285714285714
1 0.24623115577889448 0.4174107142857143 0.035175879396984924 0.11160714285714286
1 0.29396984924623115 0.38169642857142855 0.03015075376884422 0.11160714285714286
1 0.33291457286432163 0.4107142857142857 0.032663316582914576 0.11607142857142858
1 0.3944723618090452 0.3392857142857143 0.03015075376884422 0.10714285714285714
1 0.46608040201005024 0.5022321428571429 0.04271356783919598 0.12053571428571429
1 0.49748743718592964 0.4107142857142857 0.03015075376884422 0.11607142857142858
1 0.7726130653266332 0.3482142857142857 0.022613065326633167 0.08035714285714286
1 0.7726130653266332 0.4263392857142857 0.032663316582914576 0.09375
2 0.5138190954773869 0.4575892857142857 0.032663316582914576 0.12053571428571429
0 0.36180904522613067 0.37723214285714285 0.01507537688442211 0.03125