1 0.7273869346733668 0.8035714285714286 0.03768844221105527 0.15178571428571427
1 0.9020100502512562 0.71875 0.035175879396984924 0.15178571428571427
1 0.8982412060301508 0.4575892857142857 0.032663316582914576 0.12946428571428573
1 0.7801507537688442 0.29910714285714285 0.032663316582914576 0.11607142857142858
1 0.7286432160804021 0.5267857142857143 0.03015075376884422 0.13392857142857142
1 0.5150753768844221 0.5892857142857143 0.02512562814070352 0.11607142857142858
1 0.49246231155778897 0.5892857142857143 0.02512562814070352 0.125
1 0.47738693467336685 0.49330357142857145 0.03015075376884422 0.10267857142857142
1 0.5175879396984925 0.45089285714285715 0.020100502512562814 0.09821428571428571
1 0.6243718592964824 0.4575892857142857 0.02763819095477387 0.11160714285714286
1 0.5653266331658291 0.40848214285714285 0.02512562814070352 0.09375
1 0.5376884422110553 0.4263392857142857 0.020100502512562814 0.10267857142857142
1 0.6130653266331658 0.38392857142857145 0.03015075376884422 0.08928571428571429
1 0.5829145728643216 0.38169642857142855 0.020100502512562814 0.10267857142857142
1 0.5376884422110553 0.36160714285714285 0.020100502512562814 0.05357142857142857
1 0.6369346733668342 0.3638392857142857 0.022613065326633167 0.09375
1 0.6771356783919598 0.3325892857142857 0.02763819095477387 0.10267857142857142
1 0.08417085427135679 0.3794642857142857 0.04271356783919598 0.10714285714285714
2 0.664572864321608 0.5803571428571429 0.032663316582914576 0.13392857142857142
0 0.7474874371859297 0.7790178571428571 0.017587939698492462 0.03125