1 0.08919597989949749 0.38839285714285715 0.04773869346733668 0.125
1 0.022613065326633167 0.9375 0.04522613065326633 0.125
1 0.31909547738693467 0.578125 0.05025125628140704 0.12946428571428573
1 0.2638190954773869 0.5 0.02512562814070352 0.13392857142857142
1 0.28266331658291455 0.45535714285714285 0.02763819095477387 0.08035714285714286
1 0.3492462311557789 0.4174107142857143 0.03015075376884422 0.12946428571428573
1 0.5301507537688442 0.390625 0.03015075376884422 0.06696428571428571
1 0.5288944723618091 0.484375 0.02763819095477387 0.12946428571428573
1 0.5540201005025126 0.49776785714285715 0.02763819095477387 0.10267857142857142
1 0.48743718592964824 0.7254464285714286 0.04020100502512563 0.15625
1 0.7550251256281407 0.5290178571428571 0.03768844221105527 0.12946428571428573
1 0.9108040201005025 0.7075892857142857 0.04773869346733668 0.13839285714285715
1 0.9472361809045227 0.5200892857142857 0.05025125628140704 0.13839285714285715
1 0.8417085427135679 0.4575892857142857 0.04522613065326633 0.11160714285714286
1 0.8680904522613065 0.38392857142857145 0.032663316582914576 0.11607142857142858
1 0.8128140703517588 0.36830357142857145 0.04271356783919598 0.10267857142857142
2 0.4623115577889447 0.5558035714285714 0.035175879396984924 0.12946428571428573
0 0.6733668341708543 0.3392857142857143 0.02512562814070352 0.03571428571428571