1 0.9547738693467337 0.4174107142857143 0.04020100502512563 0.13839285714285715
1 0.5477386934673367 0.9352678571428571 0.04522613065326633 0.12946428571428573
1 0.19597989949748743 0.7008928571428571 0.04522613065326633 0.15178571428571427
1 0.3027638190954774 0.484375 0.04271356783919598 0.12946428571428573
1 0.13693467336683418 0.22991071428571427 0.032663316582914576 0.10267857142857142
1 0.2851758793969849 0.14732142857142858 0.02763819095477387 0.08035714285714286
1 0.457286432160804 0.26339285714285715 0.035175879396984924 0.09821428571428571
1 0.5100502512562815 0.17857142857142858 0.03015075376884422 0.08035714285714286
1 0.47361809045226133 0.4263392857142857 0.032663316582914576 0.12053571428571429
1 0.550251256281407 0.40848214285714285 0.035175879396984924 0.13839285714285715
1 0.010050251256281407 0.390625 0.020100502512562814 0.12053571428571429
2 0.07160804020100503 0.5245535714285714 0.03768844221105527 0.13839285714285715
0 0.5301507537688442 0.22098214285714285 0.020100502512562814 0.03125