1 0.056532663316582916 0.18526785714285715 0.032663316582914576 0.09375
1 0.10678391959798995 0.6316964285714286 0.04271356783919598 0.12946428571428573
1 0.16834170854271358 0.7678571428571429 0.04020100502512563 0.15178571428571427
1 0.37185929648241206 0.33705357142857145 0.03015075376884422 0.09375
1 0.35678391959798994 0.49107142857142855 0.035175879396984924 0.125
1 0.36055276381909546 0.7142857142857143 0.04271356783919598 0.14285714285714285
1 0.47110552763819097 0.9352678571428571 0.03768844221105527 0.12946428571428573
1 0.6733668341708543 0.34375 0.03015075376884422 0.08928571428571429
1 0.7110552763819096 0.5803571428571429 0.04020100502512563 0.14285714285714285
1 0.7562814070351759 0.5825892857142857 0.04020100502512563 0.13839285714285715
0 0.657035175879397 0.43526785714285715 0.017587939698492462 0.022321428571428572