1 0.19472361809045227 0.28125 0.032663316582914576 0.09821428571428571
1 0.03015075376884422 0.49776785714285715 0.03015075376884422 0.13839285714285715
1 0.12311557788944724 0.5401785714285714 0.04020100502512563 0.14285714285714285
1 0.2600502512562814 0.6540178571428571 0.04271356783919598 0.14732142857142858
1 0.39195979899497485 0.5535714285714286 0.035175879396984924 0.13392857142857142
1 0.457286432160804 0.34375 0.04020100502512563 0.125
1 0.5816582914572864 0.32142857142857145 0.04271356783919598 0.10714285714285714
1 0.7236180904522613 0.359375 0.035175879396984924 0.11160714285714286
1 0.7989949748743719 0.4955357142857143 0.04522613065326633 0.125
1 0.8467336683417085 0.6852678571428571 0.04522613065326633 0.14732142857142858
1 0.6319095477386935 0.6763392857142857 0.04271356783919598 0.14732142857142858
1 0.3278894472361809 0.7165178571428571 0.03768844221105527 0.12946428571428573
1 0.6243718592964824 0.5200892857142857 0.032663316582914576 0.12946428571428573
0 0.6193467336683417 0.43526785714285715 0.017587939698492462 0.03125