1 0.01256281407035176 0.7879464285714286 0.02512562814070352 0.16517857142857142
1 0.038944723618090454 0.44642857142857145 0.04773869346733668 0.125
1 0.12562814070351758 0.30357142857142855 0.04522613065326633 0.10714285714285714
1 0.2399497487437186 0.328125 0.032663316582914576 0.09375
1 0.2650753768844221 0.4017857142857143 0.032663316582914576 0.11607142857142858
1 0.30778894472361806 0.375 0.02763819095477387 0.10714285714285714
1 0.32663316582914576 0.39732142857142855 0.02512562814070352 0.10714285714285714
1 0.44597989949748745 0.328125 0.032663316582914576 0.10267857142857142
1 0.4949748743718593 0.4888392857142857 0.03015075376884422 0.12946428571428573
1 0.5100502512562815 0.375 0.020100502512562814 0.05357142857142857
1 0.6369346733668342 0.32142857142857145 0.02763819095477387 0.125
1 0.6369346733668342 0.22767857142857142 0.032663316582914576 0.09821428571428571
1 0.7801507537688442 0.28125 0.02763819095477387 0.10714285714285714
1 0.792713567839196 0.3549107142857143 0.017587939698492462 0.11160714285714286
1 0.8027638190954773 0.3861607142857143 0.022613065326633167 0.11160714285714286
1 0.8304020100502513 0.4375 0.032663316582914576 0.13392857142857142
1 0.6959798994974874 0.6428571428571429 0.035175879396984924 0.13392857142857142
2 0.5150753768844221 0.4375 0.03015075376884422 0.10714285714285714
0 0.3492462311557789 0.2924107142857143 0.020100502512562814 0.03125