1 0.24765625 0.39861111111111114 0.0265625 0.10277777777777777
1 0.3265625 0.4423611111111111 0.040625 0.11527777777777778
1 0.381640625 0.375 0.03203125 0.08888888888888889
1 0.384765625 0.45625 0.03359375 0.10972222222222222
1 0.401171875 0.48194444444444445 0.02421875 0.1111111111111111
1 0.43203125 0.37569444444444444 0.0296875 0.10694444444444444
1 0.51171875 0.36736111111111114 0.0484375 0.043055555555555555
1 0.560546875 0.3993055555555556 0.02578125 0.12361111111111112
1 0.60234375 0.28888888888888886 0.034375 0.08888888888888889
1 0.64609375 0.2826388888888889 0.034375 0.09861111111111111
1 0.7359375 0.3173611111111111 0.03125 0.10694444444444444
1 0.765234375 0.36666666666666664 0.03203125 0.11388888888888889
1 0.666796875 0.5430555555555555 0.03515625 0.14722222222222223
1 0.780078125 0.7576388888888889 0.05390625 0.15694444444444444
2 0.948046875 0.4486111111111111 0.03515625 0.12222222222222222
0 0.46015625 0.32013888888888886 0.0171875 0.02361111111111111