1 0.9 0.8680555555555556 0.0484375 0.1527777777777778
1 0.798828125 0.6229166666666667 0.03984375 0.1375
1 0.702734375 0.7541666666666667 0.03984375 0.13333333333333333
1 0.3265625 0.7666666666666667 0.0453125 0.14722222222222223
1 0.2609375 0.5236111111111111 0.0328125 0.1111111111111111
1 0.310546875 0.5416666666666666 0.02734375 0.11666666666666667
1 0.4046875 0.2777777777777778 0.0265625 0.1
1 0.4484375 0.26805555555555555 0.0203125 0.05277777777777778
1 0.458984375 0.3277777777777778 0.02734375 0.1
1 0.505078125 0.3736111111111111 0.03359375 0.08888888888888889
1 0.55546875 0.4326388888888889 0.0328125 0.11805555555555555
1 0.621875 0.5027777777777778 0.040625 0.12222222222222222
1 0.4265625 0.4375 0.0296875 0.10277777777777777
1 0.465625 0.5381944444444444 0.03125 0.10138888888888889
1 0.45 0.43819444444444444 0.021875 0.05138888888888889
1 0.455078125 0.48055555555555557 0.02578125 0.05
2 0.198046875 0.38819444444444445 0.02890625 0.09861111111111111
0 0.48671875 0.45069444444444445 0.0171875 0.02638888888888889