1 0.69609375 0.2701388888888889 0.028125 0.0875
1 0.4765625 0.3111111111111111 0.028125 0.1
1 0.425390625 0.3326388888888889 0.03203125 0.10416666666666667
1 0.250390625 0.3763888888888889 0.03046875 0.11388888888888889
1 0.226171875 0.5 0.03984375 0.13333333333333333
1 0.198828125 0.6222222222222222 0.03203125 0.13333333333333333
1 0.22578125 0.65625 0.03125 0.1375
1 0.398828125 0.8340277777777778 0.04765625 0.16805555555555557
1 0.549609375 0.4305555555555556 0.03515625 0.1111111111111111
1 0.576171875 0.5409722222222222 0.04140625 0.12638888888888888
1 0.776953125 0.5520833333333334 0.04296875 0.1375
1 0.77421875 0.3763888888888889 0.03125 0.09722222222222222
1 0.80859375 0.37916666666666665 0.0203125 0.09722222222222222
2 0.691015625 0.47638888888888886 0.03828125 0.12222222222222222