1 0.246875 0.37916666666666665 0.0390625 0.11388888888888889
1 0.279296875 0.5055555555555555 0.03515625 0.13333333333333333
1 0.236328125 0.6354166666666666 0.03359375 0.14305555555555555
1 0.264453125 0.6666666666666666 0.03515625 0.14166666666666666
1 0.4453125 0.8534722222222222 0.0375 0.15416666666666667
1 0.68359375 0.2625 0.0328125 0.09166666666666666
1 0.7671875 0.4041666666666667 0.0328125 0.09722222222222222
1 0.80859375 0.4083333333333333 0.028125 0.10277777777777777
1 0.809375 0.5625 0.0359375 0.14444444444444443
1 0.586328125 0.5368055555555555 0.03046875 0.13472222222222222
1 0.549609375 0.44166666666666665 0.03203125 0.11944444444444445
1 0.4421875 0.33611111111111114 0.03125 0.09722222222222222
1 0.43125 0.2902777777777778 0.01875 0.05277777777777778
2 0.69765625 0.5 0.0328125 0.13055555555555556
0 0.454296875 0.19652777777777777 0.01484375 0.02638888888888889