1 0.215625 0.39166666666666666 0.046875 0.1361111111111111
1 0.226171875 0.6652777777777777 0.04609375 0.1527777777777778
1 0.439453125 0.5208333333333334 0.04296875 0.13333333333333333
1 0.5796875 0.6083333333333333 0.04375 0.15555555555555556
1 0.56796875 0.46319444444444446 0.0484375 0.1375
1 0.72265625 0.5423611111111111 0.040625 0.11805555555555555
1 0.753125 0.5368055555555555 0.0453125 0.13194444444444445
1 0.818359375 0.43472222222222223 0.05703125 0.12222222222222222
1 0.7796875 0.36180555555555555 0.0515625 0.11805555555555555
1 0.744140625 0.4270833333333333 0.05859375 0.10416666666666667
1 0.982421875 0.43333333333333335 0.03515625 0.14166666666666666
0 0.363671875 0.6541666666666667 0.02109375 0.03333333333333333