1 0.283203125 0.3763888888888889 0.03984375 0.08333333333333333
1 0.250390625 0.8263888888888888 0.04296875 0.14722222222222223
1 0.35625 0.4270833333333333 0.0296875 0.09583333333333334
1 0.384375 0.2722222222222222 0.0359375 0.09444444444444444
1 0.46171875 0.29097222222222224 0.0359375 0.07361111111111111
1 0.60625 0.4409722222222222 0.0421875 0.10138888888888889
1 0.53828125 0.6305555555555555 0.0359375 0.10833333333333334
1 0.454296875 0.8638888888888889 0.05078125 0.11944444444444445
1 0.445703125 0.7993055555555556 0.03359375 0.1125
1 0.645703125 0.6777777777777778 0.03515625 0.11666666666666667
1 0.67890625 0.6409722222222223 0.028125 0.10694444444444444
1 0.941015625 0.25069444444444444 0.02890625 0.08194444444444444
2 0.162109375 0.46805555555555556 0.02890625 0.10277777777777777
0 0.7109375 0.6472222222222223 0.0140625 0.027777777777777776