1 0.923828125 0.6097222222222223 0.04140625 0.14722222222222223
1 0.762109375 0.3798611111111111 0.03359375 0.12916666666666668
1 0.710546875 0.32222222222222224 0.03828125 0.11944444444444445
1 0.57109375 0.4097222222222222 0.028125 0.13333333333333333
1 0.5296875 0.35208333333333336 0.0390625 0.12361111111111112
1 0.4875 0.40625 0.04375 0.13194444444444445
1 0.425 0.41597222222222224 0.0328125 0.11805555555555555
1 0.5375 0.5708333333333333 0.0375 0.14166666666666666
1 0.583203125 0.5194444444444445 0.05859375 0.11666666666666667
1 0.738671875 0.5576388888888889 0.03671875 0.13194444444444445
1 0.21953125 0.7333333333333333 0.0421875 0.17777777777777778
1 0.23203125 0.6479166666666667 0.028125 0.1597222222222222
1 0.29296875 0.5305555555555556 0.0453125 0.15
1 0.38984375 0.5138888888888888 0.0359375 0.1388888888888889
1 0.38125 0.45555555555555555 0.0359375 0.12222222222222222
1 0.173046875 0.37222222222222223 0.03828125 0.12777777777777777
2 0.684375 0.65625 0.0296875 0.1625
0 0.70703125 0.6 0.021875 0.03333333333333333