1 0.235546875 0.40347222222222223 0.03515625 0.1375
1 0.284375 0.5270833333333333 0.040625 0.13194444444444445
1 0.22734375 0.6569444444444444 0.0390625 0.14444444444444443
1 0.2640625 0.6902777777777778 0.0296875 0.14166666666666666
1 0.4453125 0.8631944444444445 0.04375 0.1597222222222222
1 0.557421875 0.5472222222222223 0.03671875 0.12777777777777777
1 0.528125 0.45694444444444443 0.0328125 0.11388888888888889
1 0.60703125 0.24444444444444444 0.0328125 0.08055555555555556
1 0.383203125 0.3298611111111111 0.02734375 0.09583333333333334
1 0.403515625 0.3020833333333333 0.02734375 0.09305555555555556
1 0.79296875 0.5888888888888889 0.0375 0.14722222222222223
1 0.759765625 0.4263888888888889 0.03359375 0.09722222222222222
1 0.80234375 0.44305555555555554 0.0328125 0.10555555555555556
2 0.671484375 0.5201388888888889 0.03203125 0.13194444444444445
0 0.424609375 0.21944444444444444 0.01484375 0.027777777777777776