1 0.232421875 0.8826388888888889 0.03984375 0.1375
1 0.3890625 0.8694444444444445 0.0375 0.1361111111111111
1 0.51640625 0.7923611111111111 0.034375 0.13472222222222222
1 0.56875 0.5756944444444444 0.028125 0.1125
1 0.68828125 0.58125 0.0328125 0.1125
1 0.75859375 0.5298611111111111 0.0421875 0.10416666666666667
1 0.733203125 0.6333333333333333 0.03203125 0.10555555555555556
1 0.622265625 0.4131944444444444 0.03046875 0.09027777777777778
1 0.60390625 0.36736111111111114 0.025 0.07361111111111111
1 0.8 0.29375 0.028125 0.07916666666666666
1 0.370703125 0.3194444444444444 0.02421875 0.08888888888888889
1 0.36875 0.3951388888888889 0.028125 0.07916666666666666
1 0.40859375 0.4152777777777778 0.025 0.08888888888888889
2 0.212109375 0.5319444444444444 0.03671875 0.10555555555555556
0 0.47265625 0.4 0.01875 0.025