1 0.349609375 0.3951388888888889 0.04453125 0.0875
1 0.38515625 0.39861111111111114 0.028125 0.09722222222222222
1 0.536328125 0.4041666666666667 0.02890625 0.09444444444444444
1 0.511328125 0.45555555555555555 0.03359375 0.09722222222222222
1 0.46015625 0.5666666666666667 0.0296875 0.11944444444444445
1 0.329296875 0.8777777777777778 0.03828125 0.1527777777777778
1 0.560546875 0.8041666666666667 0.03515625 0.14166666666666666
1 0.596484375 0.49444444444444446 0.02890625 0.12222222222222222
1 0.652734375 0.5326388888888889 0.03671875 0.12361111111111112
1 0.7046875 0.49027777777777776 0.034375 0.11944444444444445
1 0.7234375 0.37777777777777777 0.0296875 0.1
1 0.789453125 0.7680555555555556 0.03984375 0.14444444444444443
2 0.08203125 0.5194444444444445 0.0328125 0.12777777777777777
0 0.511328125 0.34791666666666665 0.02109375 0.02638888888888889