1 0.135546875 0.5854166666666667 0.04609375 0.13472222222222222
1 0.16640625 0.4909722222222222 0.0484375 0.13194444444444445
1 0.24296875 0.38263888888888886 0.03125 0.1125
1 0.405859375 0.3145833333333333 0.03046875 0.09583333333333334
1 0.505078125 0.3145833333333333 0.03046875 0.09583333333333334
1 0.657421875 0.23472222222222222 0.03046875 0.075
1 0.53203125 0.4354166666666667 0.0421875 0.12083333333333333
1 0.50859375 0.5541666666666667 0.0359375 0.1361111111111111
1 0.34609375 0.7847222222222222 0.0390625 0.15
1 0.189453125 0.6416666666666667 0.04140625 0.1388888888888889
1 0.71953125 0.35833333333333334 0.03125 0.09722222222222222
1 0.88046875 0.3638888888888889 0.03125 0.09722222222222222
1 0.719921875 0.5333333333333333 0.03828125 0.11944444444444445
2 0.672265625 0.47291666666666665 0.03828125 0.12083333333333333
0 0.604296875 0.2520833333333333 0.01640625 0.020833333333333332