1 0.2546875 0.6347222222222222 0.040625 0.18333333333333332
1 0.371875 0.5541666666666667 0.040625 0.16111111111111112
1 0.601171875 0.5569444444444445 0.04921875 0.1638888888888889
1 0.76640625 0.4270833333333333 0.046875 0.13472222222222222
1 0.8484375 0.40069444444444446 0.0421875 0.1625
1 0.33359375 0.46805555555555556 0.0546875 0.14722222222222223
1 0.3953125 0.3541666666666667 0.0484375 0.14722222222222223
1 0.419140625 0.4013888888888889 0.05390625 0.1388888888888889
1 0.44765625 0.41944444444444445 0.04375 0.13333333333333333
1 0.587109375 0.36736111111111114 0.05234375 0.1375
1 0.576953125 0.31875 0.03984375 0.12361111111111112
2 0.980859375 0.6361111111111111 0.03828125 0.18888888888888888
0 0.31953125 0.6506944444444445 0.025 0.04027777777777778