1 0.18359375 0.6076388888888888 0.0375 0.1375
1 0.20625 0.4965277777777778 0.034375 0.12083333333333333
1 0.258984375 0.3736111111111111 0.04140625 0.1111111111111111
1 0.422265625 0.32569444444444445 0.03046875 0.09305555555555556
1 0.495703125 0.3145833333333333 0.03046875 0.10694444444444444
1 0.691796875 0.25833333333333336 0.03046875 0.08611111111111111
1 0.546875 0.4284722222222222 0.034375 0.11805555555555555
1 0.562109375 0.5375 0.03515625 0.1361111111111111
1 0.38515625 0.8118055555555556 0.0421875 0.1597222222222222
1 0.21796875 0.6513888888888889 0.0359375 0.1361111111111111
1 0.764453125 0.5479166666666667 0.04453125 0.14027777777777778
1 0.77265625 0.3659722222222222 0.034375 0.09305555555555556
1 0.833984375 0.38055555555555554 0.03046875 0.1
2 0.6828125 0.47847222222222224 0.040625 0.12916666666666668
0 0.528125 0.24513888888888888 0.0171875 0.02638888888888889