1 0.03828125 0.6083333333333333 0.0328125 0.1111111111111111
1 0.355078125 0.7534722222222222 0.05078125 0.12638888888888888
1 0.396875 0.5673611111111111 0.0421875 0.10972222222222222
1 0.457421875 0.8798611111111111 0.05390625 0.1486111111111111
1 0.629296875 0.6701388888888888 0.05703125 0.12638888888888888
1 0.451953125 0.2847222222222222 0.03359375 0.08333333333333333
1 0.548046875 0.15069444444444444 0.02890625 0.0875
1 0.55 0.08541666666666667 0.0234375 0.06527777777777778
1 0.572265625 0.0763888888888889 0.02109375 0.06666666666666667
1 0.69453125 0.2263888888888889 0.0296875 0.09444444444444444
1 0.438671875 0.23194444444444445 0.02109375 0.08333333333333333
1 0.73203125 0.7076388888888889 0.0265625 0.13194444444444445
1 0.710546875 0.6944444444444444 0.03203125 0.11944444444444445
1 0.0203125 0.07083333333333333 0.0203125 0.08055555555555556
1 0.073828125 0.04861111111111111 0.02421875 0.075
2 0.26953125 0.2965277777777778 0.034375 0.09583333333333334
0 0.699609375 0.6090277777777777 0.01796875 0.03194444444444444