1 0.158984375 0.4395833333333333 0.03828125 0.13194444444444445
1 0.192578125 0.40347222222222223 0.03359375 0.11527777777777778
1 0.323828125 0.4215277777777778 0.03359375 0.11527777777777778
1 0.334375 0.5180555555555556 0.0390625 0.13055555555555556
1 0.159375 0.5965277777777778 0.0421875 0.14027777777777778
1 0.467578125 0.7256944444444444 0.03828125 0.1486111111111111
1 0.383984375 0.5152777777777777 0.03515625 0.12777777777777777
1 0.455859375 0.4652777777777778 0.02578125 0.12222222222222222
1 0.470703125 0.42986111111111114 0.02421875 0.13194444444444445
1 0.537890625 0.38680555555555557 0.03515625 0.12361111111111112
1 0.573828125 0.8541666666666666 0.03984375 0.16111111111111112
1 0.162109375 0.8256944444444444 0.03984375 0.1763888888888889