1 0.2234375 0.8347222222222223 0.0453125 0.11944444444444445
1 0.429296875 0.8833333333333333 0.03515625 0.14166666666666666
1 0.443359375 0.7805555555555556 0.04140625 0.1
1 0.5515625 0.6097222222222223 0.0359375 0.10555555555555556
1 0.622265625 0.4736111111111111 0.03515625 0.09722222222222222
1 0.877734375 0.25763888888888886 0.03828125 0.0763888888888889
1 0.678515625 0.61875 0.02890625 0.10416666666666667
1 0.6359375 0.6416666666666667 0.0375 0.1111111111111111
1 0.348046875 0.4263888888888889 0.02578125 0.08888888888888889
1 0.273828125 0.3840277777777778 0.03828125 0.0763888888888889
1 0.351953125 0.28541666666666665 0.02890625 0.09583333333333334
1 0.4703125 0.32222222222222224 0.0390625 0.07777777777777778
2 0.14609375 0.4861111111111111 0.03125 0.09444444444444444
0 0.6984375 0.6395833333333333 0.0140625 0.03194444444444444