1 0.153515625 0.3875 0.05390625 0.11944444444444445
1 0.437890625 0.5131944444444444 0.06171875 0.10972222222222222
1 0.19375 0.7083333333333334 0.04375 0.15555555555555556
1 0.56328125 0.6208333333333333 0.0515625 0.16111111111111112
1 0.538671875 0.46805555555555556 0.04609375 0.1388888888888889
1 0.69453125 0.43472222222222223 0.0453125 0.11388888888888889
1 0.713671875 0.56875 0.04609375 0.12916666666666668
1 0.765625 0.3527777777777778 0.0390625 0.1
1 0.80390625 0.42569444444444443 0.0484375 0.13472222222222222
1 0.94296875 0.4284722222222222 0.053125 0.1375
1 0.75078125 0.5493055555555556 0.0375 0.14305555555555555
0 0.475 0.6361111111111111 0.0234375 0.03333333333333333