1 0.8671875 0.5729166666666666 0.0453125 0.1375
1 0.9203125 0.35347222222222224 0.053125 0.14305555555555555
1 0.80546875 0.29791666666666666 0.0421875 0.12916666666666668
1 0.659765625 0.38819444444444445 0.04140625 0.14305555555555555
1 0.584375 0.33125 0.034375 0.12361111111111112
1 0.537890625 0.3854166666666667 0.03828125 0.13194444444444445
1 0.612890625 0.4895833333333333 0.05078125 0.12083333333333333
1 0.483203125 0.3854166666666667 0.04140625 0.12083333333333333
1 0.4421875 0.4861111111111111 0.040625 0.14444444444444443
1 0.33828125 0.5097222222222222 0.0421875 0.1527777777777778
1 0.299609375 0.6993055555555555 0.04140625 0.1736111111111111
1 0.27421875 0.6402777777777777 0.046875 0.1638888888888889
1 0.251953125 0.35208333333333336 0.03984375 0.14027777777777778
1 0.548046875 0.5659722222222222 0.05390625 0.14305555555555555
1 0.434765625 0.44583333333333336 0.03046875 0.1388888888888889
2 0.773828125 0.6361111111111111 0.03515625 0.16111111111111112
0 0.576953125 0.6548611111111111 0.02578125 0.04027777777777778