1 0.331640625 0.5173611111111112 0.02421875 0.10972222222222222
1 0.36015625 0.4888888888888889 0.0328125 0.08611111111111111
1 0.518359375 0.2326388888888889 0.02421875 0.07916666666666666
1 0.541015625 0.27152777777777776 0.04140625 0.0763888888888889
1 0.587109375 0.3326388888888889 0.03046875 0.09583333333333334
1 0.61328125 0.3638888888888889 0.0265625 0.09444444444444444
1 0.632421875 0.43194444444444446 0.03984375 0.10833333333333334
1 0.74765625 0.5305555555555556 0.034375 0.13333333333333333
1 0.851171875 0.6618055555555555 0.05078125 0.12083333333333333
1 0.740625 0.7909722222222222 0.059375 0.13194444444444445
1 0.934765625 0.9506944444444444 0.06953125 0.09861111111111111
1 0.530859375 0.7166666666666667 0.04296875 0.13055555555555556
1 0.55234375 0.5701388888888889 0.028125 0.10694444444444444
1 0.54765625 0.46944444444444444 0.0234375 0.09722222222222222
1 0.565625 0.4375 0.028125 0.10277777777777777
1 0.596484375 0.5486111111111112 0.03203125 0.11666666666666667
2 0.34609375 0.39861111111111114 0.0359375 0.10277777777777777
0 0.359375 0.55625 0.0140625 0.02638888888888889