1 0.770703125 0.35208333333333336 0.03359375 0.09027777777777778
1 0.749609375 0.5020833333333333 0.03359375 0.12083333333333333
1 0.8140625 0.7326388888888888 0.040625 0.14305555555555555
1 0.578125 0.8048611111111111 0.0375 0.1375
1 0.375390625 0.8805555555555555 0.04765625 0.1638888888888889
1 0.208984375 0.9381944444444444 0.04296875 0.12361111111111112
1 0.51171875 0.5708333333333333 0.034375 0.1111111111111111
1 0.64140625 0.4722222222222222 0.03125 0.1111111111111111
1 0.692578125 0.5395833333333333 0.03671875 0.11805555555555555
1 0.596484375 0.39305555555555555 0.02734375 0.08611111111111111
1 0.519921875 0.43333333333333335 0.03203125 0.1
1 0.412890625 0.4041666666666667 0.02578125 0.09444444444444444
1 0.370703125 0.37569444444444444 0.02734375 0.09027777777777778
2 0.1671875 0.51875 0.03125 0.10972222222222222
0 0.39140625 0.4041666666666667 0.0109375 0.025