1 0.3984375 0.3506944444444444 0.0375 0.09027777777777778
1 0.33046875 0.29305555555555557 0.0359375 0.07777777777777778
1 0.45625 0.19652777777777777 0.0328125 0.07916666666666666
1 0.4953125 0.16458333333333333 0.025 0.0625
1 0.623046875 0.3138888888888889 0.03515625 0.09166666666666666
1 0.50078125 0.6020833333333333 0.040625 0.12083333333333333
1 0.31484375 0.7548611111111111 0.0484375 0.12916666666666668
1 0.469921875 0.7805555555555556 0.04765625 0.12777777777777777
1 0.5734375 0.7805555555555556 0.075 0.06111111111111111
1 0.668359375 0.60625 0.04453125 0.10138888888888889
1 0.692578125 0.7104166666666667 0.04609375 0.12638888888888888
2 0.210546875 0.3638888888888889 0.03984375 0.09444444444444444
0 0.711328125 0.6381944444444444 0.01640625 0.02361111111111111