1 0.0484375 0.38819444444444445 0.046875 0.11527777777777778
1 0.17890625 0.7513888888888889 0.0421875 0.16111111111111112
1 0.39921875 0.5208333333333334 0.0578125 0.12222222222222222
1 0.50625 0.47430555555555554 0.053125 0.13472222222222222
1 0.60625 0.45208333333333334 0.0421875 0.14305555555555555
1 0.53984375 0.6444444444444445 0.0546875 0.14722222222222223
1 0.733984375 0.3458333333333333 0.03984375 0.10277777777777777
1 0.767578125 0.4111111111111111 0.04453125 0.12222222222222222
1 0.874609375 0.41458333333333336 0.03828125 0.13472222222222222
1 0.75703125 0.5493055555555556 0.05 0.13194444444444445
1 0.687109375 0.5826388888888889 0.04453125 0.11527777777777778
0 0.66640625 0.6180555555555556 0.0140625 0.027777777777777776