1 0.1890625 0.6076388888888888 0.0625 0.1597222222222222
1 0.278515625 0.48333333333333334 0.04765625 0.15555555555555556
1 0.377734375 0.40625 0.03828125 0.13472222222222222
1 0.387890625 0.5381944444444444 0.03515625 0.1375
1 0.411328125 0.42916666666666664 0.03828125 0.11666666666666667
1 0.5828125 0.5569444444444445 0.0453125 0.14722222222222223
1 0.791015625 0.4152777777777778 0.04765625 0.14444444444444443
1 0.8515625 0.41388888888888886 0.0390625 0.17222222222222222
1 0.556640625 0.3736111111111111 0.04296875 0.14444444444444443
1 0.5390625 0.3298611111111111 0.0375 0.14583333333333334
0 0.33046875 0.5777777777777777 0.0234375 0.041666666666666664