1 0.176953125 0.3923611111111111 0.03671875 0.10694444444444444
1 0.26015625 0.46319444444444446 0.0546875 0.11805555555555555
1 0.313671875 0.4791666666666667 0.03515625 0.11388888888888889
1 0.335546875 0.39166666666666666 0.02890625 0.10833333333333334
1 0.366796875 0.38680555555555557 0.03359375 0.10694444444444444
1 0.356640625 0.5041666666666667 0.03046875 0.13055555555555556
1 0.60390625 0.5416666666666666 0.0390625 0.1527777777777778
1 0.787109375 0.7854166666666667 0.05390625 0.1625
1 0.541796875 0.40208333333333335 0.03359375 0.12361111111111112
1 0.741796875 0.36527777777777776 0.03359375 0.1111111111111111
1 0.6890625 0.3104166666666667 0.03125 0.09861111111111111
1 0.975 0.31875 0.0328125 0.10972222222222222
1 0.49140625 0.35 0.053125 0.08333333333333333
1 0.590234375 0.2916666666666667 0.02734375 0.06944444444444445
1 0.589453125 0.2826388888888889 0.02421875 0.08194444444444444
2 0.891015625 0.44930555555555557 0.03515625 0.10972222222222222
0 0.518359375 0.29444444444444445 0.01640625 0.019444444444444445