1 0.93671875 0.9166666666666666 0.0671875 0.15
1 0.828125 0.6333333333333333 0.0453125 0.12222222222222222
1 0.736328125 0.7625 0.04921875 0.1388888888888889
1 0.4265625 0.7270833333333333 0.0484375 0.11805555555555555
1 0.3515625 0.5166666666666667 0.0328125 0.10833333333333334
1 0.3234375 0.5222222222222223 0.028125 0.10833333333333334
1 0.475 0.2548611111111111 0.0328125 0.0875
1 0.5125 0.27361111111111114 0.0265625 0.08055555555555556
1 0.528515625 0.3263888888888889 0.02109375 0.09722222222222222
1 0.572265625 0.36875 0.03046875 0.09305555555555556
1 0.602734375 0.4270833333333333 0.04609375 0.10416666666666667
1 0.68828125 0.5131944444444444 0.0421875 0.13472222222222222
1 0.5078125 0.5479166666666667 0.0328125 0.10416666666666667
1 0.5453125 0.5263888888888889 0.03125 0.10555555555555556
1 0.513671875 0.46041666666666664 0.02578125 0.09861111111111111
2 0.27421875 0.3888888888888889 0.0265625 0.10555555555555556
0 0.403515625 0.49166666666666664 0.01953125 0.03333333333333333