1 0.182421875 0.49583333333333335 0.03984375 0.12777777777777777
1 0.160546875 0.6048611111111111 0.03828125 0.1375
1 0.2578125 0.37777777777777777 0.0390625 0.11666666666666667
1 0.413671875 0.3263888888888889 0.02890625 0.09166666666666666
1 0.202734375 0.6576388888888889 0.03828125 0.1375
1 0.362890625 0.7972222222222223 0.04609375 0.14722222222222223
1 0.502734375 0.3111111111111111 0.02890625 0.1
1 0.54296875 0.43125 0.0375 0.11805555555555555
1 0.53828125 0.5472222222222223 0.04375 0.1361111111111111
1 0.68046875 0.24791666666666667 0.034375 0.09027777777777778
1 0.752734375 0.3659722222222222 0.03984375 0.09861111111111111
1 0.859375 0.36736111111111114 0.0296875 0.10416666666666667
1 0.744140625 0.5409722222222222 0.03984375 0.14027777777777778
2 0.67890625 0.4798611111111111 0.0375 0.13472222222222222
0 0.56640625 0.24861111111111112 0.0125 0.022222222222222223