1 0.69765625 0.2701388888888889 0.03125 0.0875
1 0.45859375 0.3111111111111111 0.025 0.1
1 0.5484375 0.4284722222222222 0.0296875 0.11527777777777778
1 0.583203125 0.5347222222222222 0.03671875 0.1388888888888889
1 0.792578125 0.5631944444444444 0.03671875 0.12916666666666668
1 0.766796875 0.38819444444444445 0.02890625 0.10972222222222222
1 0.8 0.4013888888888889 0.028125 0.10277777777777777
1 0.4328125 0.3416666666666667 0.025 0.09722222222222222
1 0.245703125 0.37916666666666665 0.02890625 0.1111111111111111
1 0.251171875 0.5097222222222222 0.03984375 0.12777777777777777
1 0.21796875 0.6326388888888889 0.028125 0.1375
1 0.24296875 0.6645833333333333 0.040625 0.12638888888888888
1 0.422265625 0.8395833333333333 0.04609375 0.1597222222222222
2 0.696484375 0.49166666666666664 0.03671875 0.12777777777777777
0 0.46953125 0.2520833333333333 0.0171875 0.029166666666666667