1 0.502734375 0.8152777777777778 0.05390625 0.08611111111111111
1 0.4578125 0.8013888888888889 0.0359375 0.1388888888888889
1 0.28828125 0.7958333333333333 0.03125 0.13055555555555556
1 0.52109375 0.625 0.04375 0.1111111111111111
1 0.307421875 0.34097222222222223 0.03828125 0.0763888888888889
1 0.375390625 0.39305555555555555 0.03203125 0.09166666666666666
1 0.4234375 0.24375 0.0328125 0.0763888888888889
1 0.47578125 0.22777777777777777 0.0265625 0.07222222222222222
1 0.61015625 0.38055555555555554 0.04375 0.08611111111111111
1 0.670703125 0.6159722222222223 0.03515625 0.08194444444444444
1 0.672265625 0.7027777777777777 0.03359375 0.12222222222222222
2 0.187109375 0.4222222222222222 0.03984375 0.09166666666666666
0 0.692578125 0.6472222222222223 0.01484375 0.022222222222222223