1 0.590625 0.5618055555555556 0.04375 0.16527777777777777
1 0.7359375 0.4465277777777778 0.0359375 0.1486111111111111
1 0.81484375 0.3923611111111111 0.053125 0.1597222222222222
1 0.348828125 0.5805555555555556 0.03671875 0.16111111111111112
1 0.307421875 0.6576388888888889 0.04765625 0.16805555555555557
1 0.382421875 0.34652777777777777 0.03828125 0.1375
1 0.377734375 0.46805555555555556 0.04453125 0.1388888888888889
1 0.4640625 0.41041666666666665 0.0359375 0.14027777777777778
1 0.484375 0.43125 0.0359375 0.12916666666666668
1 0.59921875 0.3701388888888889 0.0421875 0.14305555555555555
2 0.932421875 0.6277777777777778 0.05078125 0.18055555555555555
0 0.324609375 0.6979166666666666 0.01953125 0.0375