1 0.869140625 0.22013888888888888 0.03046875 0.12083333333333333
1 0.47421875 0.1840277777777778 0.0390625 0.0875
1 0.559375 0.39375 0.0359375 0.12916666666666668
1 0.64453125 0.6520833333333333 0.0515625 0.13194444444444445
1 0.686328125 0.6743055555555556 0.04921875 0.12361111111111112
1 0.302734375 0.5229166666666667 0.04453125 0.1486111111111111
1 0.18515625 0.8236111111111111 0.0359375 0.1638888888888889
1 0.260546875 0.3034722222222222 0.03671875 0.11527777777777778
1 0.23828125 0.058333333333333334 0.0265625 0.08611111111111111
1 0.38046875 0.29375 0.0296875 0.10694444444444444
1 0.05703125 0.3625 0.0375 0.13055555555555556
1 0.062890625 0.19375 0.03203125 0.10694444444444444
1 0.02109375 0.18958333333333333 0.0328125 0.09861111111111111
2 0.173828125 0.4618055555555556 0.04609375 0.13472222222222222
0 0.90390625 0.6833333333333333 0.021875 0.03611111111111111